function ang = jointangles(P)

% This function computes the joint angles for the BIOLOID robot,
% given the servo motor positions of the joints

A = [P(18);P(16);P(14);P(12);P(10);P(8);P(7);P(9);P(11);P(13);P(15);P(17);P(2);P(4);P(6);P(1);P(3);P(5)];

% C = (300/1023)*[1;1;1;-1;-1;1;-1;1;-1;1;1;-1;1;-1;-1;1;-1;-1];
C = [-1;1;-1;-1;-1;1;-1;-1;1;1;-1;1;1;-1;-1;1;-1;-1];
% B = [150;150;150;-150;-150;195;-105;150;-150;150;150;-150;240;-240;-150;60;-60;-150];
B = [150;150;150;150;150;150;150;150;150;150;150;150;240;240;150;60;60;150];
ang = C.*(((300/1023)*A)-B);

end

